symbol,description,exchange,sector,industry,open,high,low,Close,Change%,MarketCap,Volume,Currency
2020,2020 Bulkers Ltd.,OSL,Transportation,Marine Shipping,3.74,3.748,3.6,3.686,-0.4859611231101576,84936077.0,212613,NOK
5PG,5th Planet Games A/S,OSL,Technology Services,Packaged Software,1.4,1.445,1.37,1.38,-4.1666666666666705,387185201.0,104828,NOK
AASB,Aasen Sparebank,OSL,Finance,Savings Banks,133.0,134.98,132.0,134.98,0.731343283582082,231788374.0,2332,NOK
ABG,ABG Sundal Collier Holding ASA,OSL,Finance,Investment Banks/Brokers,7.12,7.15,7.1,7.11,-0.1404494382022442,3717109276.0,34929,NOK
ABS,Arctic Bioscience AS,OSL,Health Technology,Pharmaceuticals: Major,3.35,3.35,3.35,3.35,6.349206349206354,84912206.0,100,NOK
ABTEC,Aqua Bio Technology ASA,OSL,Process Industries,Chemicals: Major Diversified,4.58,4.58,4.58,4.58,-3.578947368421051,73560326.0,76,NOK
ACED,Ace Digital AS,OSL,Technology Services,Packaged Software,0.42,0.456,0.42,0.456,0.0,57385320.0,65187,NOK
ACR,Axactor ASA,OSL,Commercial Services,Miscellaneous Commercial Services,4.745,4.84,4.7,4.76,1.1689691817215666,3790697597.0,1106446,NOK
ADS,ADS Maritime Holding Plc,OSL,Transportation,Marine Shipping,2.34,2.34,2.34,2.34,0.0,166161881.0,2053,NOK
AFG,AF Gruppen ASA Class A,OSL,Industrial Services,Engineering & Construction,190.0,190.8,189.0,190.8,0.5268703898840885,21559196300.0,19717,NOK
AFISH,Arctic Fish Holding AS,OSL,Process Industries,Agricultural Commodities/Milling,29.8,29.8,29.8,29.8,0.0,1341147520.0,168,NOK
AFK,Arendals Fossekompani ASA,OSL,Utilities,Electric Utilities,175.0,180.0,174.0,179.5,0.27932960893854747,9825077045.0,10583,NOK
AGLX,Agilyx ASA,OSL,Industrial Services,Engineering & Construction,21.5,21.8,21.0,21.5,-0.4629629629629695,2718609515.0,65254,NOK
AIX,Ayfie International AS,OSL,Technology Services,Information Technology Services,3.27,3.48,3.27,3.48,-0.571428571428572,87541643.0,2095,NOK
AKAST,Akastor ASA,OSL,Industrial Services,Contract Drilling,12.44,12.44,11.96,11.98,-1.6420361247947397,3308207103.0,164279,NOK
AKBM,Aker BioMarine ASA,OSL,Process Industries,Agricultural Commodities/Milling,98.0,98.9,98.0,98.0,-0.3051881993896207,8623222874.0,4697,NOK
AKER,Aker ASA Class A,OSL,Finance,Financial Conglomerates,1160.0,1182.0,1144.0,1152.0,-1.8739352640545146,87213308243.0,84842,NOK
AKOBO,Akobo Minerals AB,OSL,Non-Energy Minerals,Precious Metals,1.48,1.495,1.44,1.44,-3.35570469798658,341981807.0,207975,NOK
AKRBP,Aker BP ASA,OSL,Energy Minerals,Integrated Oil,314.2,315.8,304.0,307.1,-2.6932826362484152,199466215479.0,1239300,NOK
AKSO,Aker Solutions ASA,OSL,Utilities,Alternative Power Generation,46.0,46.6,44.76,45.18,-2.461139896373058,22615057095.0,588841,NOK
AKVA,AKVA Group ASA,OSL,Producer Manufacturing,Metal Fabrication,132.0,134.0,132.0,134.0,0.0,4867528633.0,15855,NOK
ALNG,ALNG ASA,OSL,Energy Minerals,Oil & Gas Production,3.14,3.2,3.1,3.15,-0.9433962264151021,696275513.0,147397,NOK
ANDF,Andfjord Salmon Group AS,OSL,Process Industries,Agricultural Commodities/Milling,28.0,28.4,27.9,27.9,-0.3571428571428622,3393227997.0,6617,NOK
APR,Appear ASA,OSL,Consumer Services,Movies/Entertainment,73.0,74.0,73.0,73.0,-0.27322404371585085,2971612326.0,16038,NOK
AQUA,Aqualis ASA,OSL,Commercial Services,Miscellaneous Commercial Services,8.7,8.86,8.5,8.64,-2.262443438914019,1179480150.0,144076,NOK
ARCH,Archer Limited,OSL,Industrial Services,Contract Drilling,23.0,23.0,22.55,22.75,-1.3015184381778773,2292676003.0,156964,NOK
ARR,Arribatec Group ASA,OSL,Technology Services,Information Technology Services,5.4,5.42,5.32,5.34,-1.8382352941176567,375244042.0,148991,NOK
ASA,Atlantic Sapphire ASA,OSL,Process Industries,Agricultural Commodities/Milling,0.95,1.08,0.95,0.986,-9.706959706959715,39152618.0,53074,NOK
ATEA,Atea ASA,OSL,Technology Services,Information Technology Services,169.0,169.8,167.0,169.8,0.3546099290780277,18907946043.0,85899,NOK
AURG,Aurskog Sparebank,OSL,Finance,Regional Banks,256.5,256.5,255.0,255.0,0.019611688566390027,1178532119.0,245,NOK
AUSS,Austevoll Seafood ASA,OSL,Consumer Non-Durables,Food: Meat/Fish/Dairy,83.8,84.3,83.0,84.3,0.7168458781361938,16892674998.999998,57540,NOK
AUTO,AutoStore Holdings Ltd.,OSL,Technology Services,Packaged Software,12.19,12.48,12.06,12.17,-0.4091653027823298,41896766160.0,3985721,NOK
AZT,ArcticZymes Technologies ASA,OSL,Health Technology,Medical Specialties,19.95,20.7,19.95,20.7,1.9704433497536877,1036749219.9999999,11323,NOK
B2I,B2 Impact ASA,OSL,Commercial Services,Miscellaneous Commercial Services,22.8,22.85,22.3,22.7,0.4424778761061852,8381673756.0,394617,NOK
BAKKA,Bakkafrost P/F,OSL,Consumer Non-Durables,Food: Meat/Fish/Dairy,431.2,433.0,422.6,432.6,0.5111524163568879,25518765745.0,66626,NOK
BALT,Baltic Sea Properties AS,OSL,Finance,Real Estate Development,47.0,47.0,47.0,47.0,0.0,408310886.0,290,NOK
BARRA,Barramundi Group Ltd.,OSL,Process Industries,Agricultural Commodities/Milling,0.75,0.815,0.7,0.73,-0.680272108843538,128921028.0,133513,NOK
BCS,Bergen Carbon Solutions AS,OSL,Producer Manufacturing,Electrical Products,4.68,5.48,4.68,5.2,11.111111111111121,196420259.0,290283,NOK
BEWI,Bewi ASA,OSL,Process Industries,Containers/Packaging,18.64,18.78,18.4,18.44,-2.019128586609984,4451349484.0,25797,NOK
BIEN,Bien Sparebank ASA,OSL,Finance,Savings Banks,159.0,159.0,159.0,159.0,-0.625,908831711.0,341,NOK
BINT,BEVEST ASA,OSL,Miscellaneous,Miscellaneous,23.3,24.3,23.3,24.3,0.8298755186721962,2487362304.0,2756,NOK
BMA,Byggma ASA,OSL,Non-Energy Minerals,Forest Products,22.0,22.0,21.0,21.6,-1.818181818181812,1536330704.0,4291,NOK
BNOR,BlueNord ASA,OSL,Energy Minerals,Oil & Gas Production,528.0,529.0,515.0,519.0,-1.7045454545454544,13991281952.0,153773,NOK
BOHUS,Bohus ASA,OSL,Retail Trade,Specialty Stores,32.1,33.985,32.1,33.0,2.8037383177570048,,134175,NOK
BONHR,Bonheur ASA,OSL,Transportation,Air Freight/Couriers,228.0,230.5,228.0,228.0,-0.8695652173913043,9782334900.0,64561,NOK
BOR,Borgestad ASA,OSL,Non-Energy Minerals,Construction Materials,16.1,16.1,16.0,16.0,-0.6211180124223691,564370410.0,5225,NOK
BORR,Borr Drilling Limited,OSL,Industrial Services,Contract Drilling,42.0,42.0,40.195,41.44,-0.46835595052239776,12781937699.61791,126819,NOK
BOUV,Bouvet ASA,OSL,Technology Services,Information Technology Services,43.0,43.3,42.45,42.9,-0.23255813953488702,4359961563.0,204952,NOK
BRG,Borregaard ASA,OSL,Process Industries,Chemicals: Major Diversified,143.8,146.4,143.2,146.4,1.5256588072122172,14358588838.0,138058,NOK
BRUT,Bruton Ltd. Shs Norway Depository Receipt Repr 1 Sh,OSL,Finance,Financial Conglomerates,54.4,57.2,54.4,56.0,4.477611940298504,836159976.0,146121,NOK
BSP,Black Sea Property AS,OSL,Finance,Real Estate Development,3.02,3.02,3.0,3.0,20.967741935483872,13855127.0,2383,NOK
BWE,BW Energy Ltd.,OSL,Industrial Services,Oilfield Services/Equipment,53.5,53.5,51.3,51.4,-2.4667931688804634,13610793236.0,94860,NOK
BWLPG,BW LPG Limited,OSL,Transportation,Marine Shipping,187.1,194.4,184.2,185.2,-0.2692514808831449,28047114712.0,467749,NOK
BWO,BW Offshore Limited,OSL,Energy Minerals,Oil & Gas Production,47.4,47.4,44.55,44.8,-1.4301430143014426,8218037144.0,66061,NOK
CADLR,Cadeler A/S,OSL,Producer Manufacturing,Trucks/Construction/Farm Machinery,53.2,54.0,53.15,54.0,-0.2770083102493049,20904789206.0,489723,NOK
CAMBI,Cambi ASA,OSL,Industrial Services,Environmental Services,21.9,21.9,20.9,21.4,-1.3824884792626762,3470956445.0,44965,NOK
CAPSL,Capsol Technologies ASA,OSL,Commercial Services,Miscellaneous Commercial Services,4.05,4.1,3.89,4.05,-1.219512195121947,307698436.0,79596,NOK
CAPT,Capital Tankers Corp.,OSL,Transportation,Marine Shipping,134.0,138.8,134.0,134.0,0.4046156151655867,17842614396.0,662274,NOK
CAVEN,Cavendish Hydrogen ASA,OSL,Producer Manufacturing,Industrial Machinery,7.39,7.79,6.98,7.79,6.566347469220253,244285322.0,28617,NOK
CLOUD,Cloudberry Clean Energy ASA,OSL,Industrial Services,Engineering & Construction,11.34,11.34,10.82,10.82,-4.078014184397155,3791037925.0,69900,NOK
CMBTO,CMB.TECH NV,OSL,Transportation,Marine Shipping,155.2,157.0,152.8,153.0,0.39370078740157105,44849223492.11082,249208,NOK
CODE,CodeLab Capital AS,OSL,Technology Services,Packaged Software,3.6,3.67,3.31,3.66,3.682719546742219,69734884.0,36025,NOK
CONTX,ContextVision AB,OSL,Technology Services,Packaged Software,3.45,3.45,3.31,3.43,-1.9999999999999956,270786251.0,6108,NOK
COSH,Constellation Oil Services Holding S.A. Shs Norwegian depository receipts 1 Sh,OSL,Producer Manufacturing,Trucks/Construction/Farm Machinery,137.0,138.0,135.0,136.0,-0.7299270072992701,11568267122.0,101117,NOK
CRNA,Circio Holding ASA,OSL,Health Technology,Biotechnology,7.9,7.9,7.47,7.59,-2.567394094993584,2138607936.0,3112474,NOK
CYVIZ,Cyviz AS,OSL,Technology Services,Packaged Software,24.9,24.9,24.4,24.7,-3.137254901960787,331756538.0,1229,NOK
DDRIL,Dolphin Drilling AS,OSL,Industrial Services,Contract Drilling,2.6,2.6,2.49,2.5,0.40160642570280264,1012827261.0,431813,NOK
DELIA,Dellia Group AS,OSL,Consumer Non-Durables,Food: Specialty/Candy,26.4,26.86,24.32,24.5,-6.8441064638783295,1148783975.0,249816,NOK
DFENS,Fjord Defence Group ASA,OSL,Electronic Technology,Aerospace & Defense,16.5,16.55,16.15,16.25,-1.5151515151515151,1238293957.0,147888,NOK
DNB,DNB Bank ASA,OSL,Finance,Major Banks,295.0,295.9,293.1,293.4,-0.8113590263691798,426139493327.0,1899933,NOK
DNO,DNO ASA Class A,OSL,Energy Minerals,Integrated Oil,17.29,17.29,16.61,16.78,-2.949681897050307,16857750893.0,3151607,NOK
DOFG,DOF Group ASA,OSL,Energy Minerals,Oil Refining/Marketing,120.0,120.9,116.4,116.4,-2.838063439065101,29504183741.0,266179,NOK
DSRT,Desert Control AS,OSL,Process Industries,Chemicals: Specialty,1.2,1.218,1.184,1.204,2.905982905982909,141602130.0,119348,NOK
DVD,Deep Value Driller AS,OSL,Industrial Services,Contract Drilling,20.1,20.35,20.1,20.2,0.24813895781638073,1884192994.0,71912,NOK
EAM,EAM Solar AS,OSL,Utilities,Electric Utilities,0.798,0.846,0.71,0.766,-2.0460358056266004,101910616.0,1772724,NOK
EIOF,Eidesvik Offshore ASA,OSL,Transportation,Marine Shipping,15.0,15.25,14.1,14.55,-2.9999999999999956,1094750061.0,4260,NOK
ELABS,Elliptic Laboratories ASA,OSL,Electronic Technology,Semiconductors,3.05,3.05,2.9,2.9,0.0,366376642.0,84244,NOK
ELIMP,Elektroimportoren AS,OSL,Distribution Services,Wholesale Distributors,14.1,14.4,14.1,14.4,0.0,731263659.0,39579,NOK
ELK,Elkem ASA,OSL,Non-Energy Minerals,Aluminum,31.54,31.72,31.06,31.42,-0.5066497783407112,11449253415.0,393221,NOK
ELMRA,Elmera Group ASA,OSL,Utilities,Electric Utilities,29.9,30.1,29.55,29.55,-1.1705685618729027,3264176516.0,55183,NOK
ELO,Elopak ASA,OSL,Process Industries,Containers/Packaging,34.9,34.9,34.1,34.8,0.869565217391296,9288055298.0,134781,NOK
EMGS,ElectroMagnetic GeoServices ASA,OSL,Industrial Services,Oilfield Services/Equipment,0.19,0.19,0.187,0.187,-0.5319148936170218,24622299.0,244628,NOK
ENDUR,Endur ASA,OSL,Producer Manufacturing,Trucks/Construction/Farm Machinery,111.0,111.8,109.8,110.4,-1.2522361359570586,5704729669.0,59592,NOK
ENERG,Energeia AS,OSL,Utilities,Alternative Power Generation,8.48,8.48,8.46,8.46,9.87012987012988,72380652.0,60,NOK
ENH,Sed Energy Holdings PLC,OSL,Industrial Services,Contract Drilling,8.07,8.1,7.99,7.99,-0.12499999999999734,5850023633.0,2666525,NOK
ENSU,Ensurge Micropower ASA,OSL,Producer Manufacturing,Electrical Products,0.6,0.6,0.581,0.6,0.0,583259825.0,1459993,NOK
ENTRA,Entra ASA,OSL,Finance,Real Estate Development,102.2,103.6,102.2,103.6,0.5825242718446546,18759601105.0,57291,NOK
ENVIP,Envipco Holding N.V.,OSL,Producer Manufacturing,Industrial Machinery,41.6,41.95,41.05,41.2,0.7334963325183479,2703096553.0,77102,NOK
EPR,Europris ASA,OSL,Retail Trade,Discount Stores,88.8,89.5,87.9,89.3,0.5630630630630631,14294270743.0,273713,NOK
EQNR,Equinor ASA,OSL,Energy Minerals,Integrated Oil,318.6,319.6,308.7,311.1,-2.4153074027603476,808129171205.0,2603581,NOK
EQVA,Eqva ASA,OSL,Producer Manufacturing,Trucks/Construction/Farm Machinery,3.19,3.19,3.03,3.06,0.327868852459024,271823543.0,18543,NOK
EXTX,EXACT Therapeutics AS,OSL,Health Technology,Biotechnology,0.86,0.86,0.725,0.725,1.3986013986014,79754000.0,41914,NOK
FFSB,Flekkefjord Sparebank,OSL,Finance,Regional Banks,119.98,120.0,119.48,120.0,0.016669444907481262,179819283.0,536,NOK
FRO,Frontline Plc,OSL,Transportation,Marine Shipping,417.5,424.6,411.2,415.8,0.7755695588948106,93524737386.10757,1282571,NOK
GEM,Green Minerals AS,OSL,Non-Energy Minerals,Other Metals/Minerals,1.0,1.125,1.0,1.08,-3.999999999999994,22642200.0,38090,NOK
GENO,General Oceans ASA,OSL,Electronic Technology,Electronic Equipment/Instruments,20.8,20.8,19.48,19.48,-4.5098039215686185,3827285030.0,97374,NOK
GENT,Gentian Diagnostics ASA,OSL,Health Technology,Medical Specialties,34.2,35.6,34.2,35.4,2.017291066282408,536414261.0,602,NOK
GEOS,Golden Energy Offshore Services ASA,OSL,Transportation,Marine Shipping,10.5,10.5,10.3,10.3,0.0,728307818.0,74,NOK
GIGA,Gigante Salmon AS,OSL,Process Industries,Agricultural Commodities/Milling,6.76,6.9,6.76,6.9,2.0710059171597717,1518275256.0,10658,NOK
GJF,Gjensidige Forsikring ASA,OSL,Finance,Multi-Line Insurance,260.0,264.2,259.6,263.2,0.2284843869002155,131296901665.99998,356247,NOK
GKP,Gulf Keystone Petroleum Limited,OSL,Energy Minerals,Oil & Gas Production,23.7,23.7,22.05,23.0,-2.748414376321347,4957474789.316156,2769,NOK
GOD,Goodtech ASA Class A,OSL,Producer Manufacturing,Industrial Machinery,13.0,13.3,13.0,13.15,0.7662835249042118,389243820.0,33572,NOK
GRONG,Grong Sparebank,OSL,Finance,Savings Banks,197.62,197.62,197.62,197.62,-0.12129788739513245,785993916.0,5,NOK
GSF,Grieg Seafood ASA,OSL,Process Industries,Agricultural Commodities/Milling,29.82,30.04,29.5,29.9,0.20107238605897695,3350302227.0,268953,NOK
GYL,Gyldendal Norsk Forlag Asa,OSL,Retail Trade,Specialty Stores,420.0,420.0,420.0,420.0,-8.695652173913043,968995042.0,49,NOK
HAFNI,Hafnia Limited,OSL,Transportation,Marine Shipping,74.5,76.0,73.6,74.3,1.088435374149656,36217533234.0,923671,NOK
HAUTO,Hoegh Autoliners ASA,OSL,Transportation,Marine Shipping,155.0,157.7,153.5,153.5,-0.5829015544041487,29454847444.0,226942,NOK
HAV,HAV Group ASA,OSL,Electronic Technology,Semiconductors,13.75,13.8,12.8,13.5,-1.459854014598535,479499993.0,82787,NOK
HAVI,Havila Shipping ASA,OSL,Industrial Services,Oilfield Services/Equipment,1.22,1.22,1.11,1.13,-1.7391304347826104,316444210.0,114767,NOK
HBC,Hofseth Biocare ASA,OSL,Consumer Non-Durables,Food: Specialty/Candy,1.205,1.345,1.205,1.285,7.08333333333333,493297249.0,186488,NOK
HDLY,Huddly AS,OSL,Consumer Durables,Electronics/Appliances,33.4,33.4,31.0,32.0,-3.903903903903896,1050793807.9999999,20561,NOK
HELG,SpareBank 1 Helgeland,OSL,Finance,Savings Banks,156.98,157.9,156.98,157.48,0.3057324840764266,4225972265.0000005,6826,NOK
HERMA,Hermana Holding ASA,OSL,Commercial Services,Miscellaneous Commercial Services,16.0,16.35,16.0,16.35,-0.30487804878047053,224701050.0,2716,NOK
HEX,Hexagon Composites ASA,OSL,Process Industries,Containers/Packaging,8.4,8.4,8.23,8.31,-0.5980861244019012,2677621045.0,731185,NOK
HGSB,Haugesund Sparebank,OSL,Finance,Savings Banks,156.92,156.92,153.0,153.02,0.013071895424843289,803837661.0,54,NOK
HKY,Havila Kystruten AS,OSL,Consumer Services,Hotels/Resorts/Cruise lines,59.5,59.5,59.5,59.5,0.0,1018623027.0,1500,NOK
HPUR,Hexagon Purus ASA,OSL,Producer Manufacturing,Industrial Machinery,10.61,12.25,10.61,12.176,7.752212389380525,484189300.0,20244,NOK
HSHP,Himalaya Shipping Ltd.,OSL,Transportation,Marine Shipping,142.8,145.2,139.6,141.2,-0.4231311706629215,6808242343.489762,204785,NOK
HSPG,Holand og Setskog Sparebank,OSL,Finance,Major Banks,157.0,157.0,157.0,157.0,0.3194888178913738,107656351.0,52,NOK
HUDL,Huddlestock Fintech AS,OSL,Technology Services,Packaged Software,0.53,0.53,0.52,0.52,-3.703703703703707,153594229.0,24326,NOK
HUNT,Hunter Group ASA,OSL,Energy Minerals,Oil & Gas Production,10.46,10.9,10.16,10.78,4.863813229571985,1270424346.0,4049222,NOK
HYPRO,HydrogenPro ASA,OSL,Distribution Services,Wholesale Distributors,0.95,0.96,0.9,0.93,2.1978021978021998,86927650.0,696743,NOK
IDEX,IDEX Biometrics ASA,OSL,Electronic Technology,Semiconductors,8.0,8.38,7.96,8.38,4.488778054862858,620017650.0,68700,NOK
INDCT,Induct AS,OSL,Technology Services,Packaged Software,1.105,1.19,1.08,1.095,-3.9473684210526256,35692314.0,248220,NOK
INIFY,INIFY Laboratories AB,OSL,Health Services,Medical/Nursing Services,7.45,8.0,7.45,8.0,8.108108108108103,795313870.0,802,NOK
ININ,Inin Group AS,OSL,Producer Manufacturing,Industrial Machinery,2.88,2.88,2.86,2.86,0.0,385359008.0,1810,NOK
INSTA,Instabank ASA,OSL,Finance,Regional Banks,4.07,4.11,4.02,4.02,-2.898550724637684,1909429013.0,77426,NOK
IOX,InterOil Exploration and Production ASA,OSL,Energy Minerals,Oil & Gas Production,2.05,2.05,1.94,1.97,-3.902439024390237,41275576.0,25920,NOK
ISLAX,Icelandic Salmon AS,OSL,Process Industries,Agricultural Commodities/Milling,67.5,67.5,67.5,67.5,3.8461538461538463,2012521315.0,30,NOK
ITERA,Itera ASA,OSL,Commercial Services,Miscellaneous Commercial Services,6.5,6.5,5.9,6.0,0.0,483297684.0,15514,NOK
IWS,Integrated Wind Solutions ASA,OSL,Industrial Services,Engineering & Construction,58.8,59.6,58.8,59.6,0.0,2381321459.0,1961,NOK
JACK,Jacktel AS,OSL,Transportation,Marine Shipping,5.2,5.44,5.2,5.35,3.281853281853281,1359316972.72,145653,NOK
JAREN,Jaeren Sparebank,OSL,Finance,Regional Banks,341.0,341.0,333.05,338.95,-0.26482271590408535,1671250818.0,273,NOK
JIN,Jinhui Shipping & Transportation Ltd.,OSL,Transportation,Marine Shipping,6.04,6.26,6.04,6.18,1.3114754098360668,666479534.0,74193,NOK
KCC,Klaveness Combination Carriers ASA,OSL,Transportation,Marine Shipping,93.3,94.3,93.1,93.1,-0.21436227224008877,5548378678.0,60878,NOK
KID,Kid ASA,OSL,Retail Trade,Specialty Stores,115.6,118.8,115.6,118.6,1.022146507666089,4771741925.0,25513,NOK
KING,Kingfish Company N.V.,OSL,Consumer Non-Durables,Food: Meat/Fish/Dairy,0.765,0.84,0.765,0.84,-1.176470588235295,121289943.0,4265,NOK
KIT,Kitron ASA,OSL,Electronic Technology,Electronic Production Equipment,105.9,106.9,103.1,105.8,-0.6572769953051669,23291812935.0,334078,NOK
KLDVK,Kaldvik AS,OSL,Process Industries,Agricultural Commodities/Milling,4.82,4.92,4.6,4.9,1.6597510373443998,811053359.0,45921,NOK
KMAR,Kongsberg Maritime ASA,OSL,Producer Manufacturing,Trucks/Construction/Farm Machinery,52.58,52.72,51.9,52.5,-0.681044267877411,46496144955.0,1803948,NOK
KOA,Kongsberg Automotive ASA,OSL,Producer Manufacturing,Auto Parts: OEM,2.04,2.045,2.0,2.025,-0.7352941176470649,1896034535.0,2075978,NOK
KOG,Kongsberg Gruppen ASA,OSL,Producer Manufacturing,Trucks/Construction/Farm Machinery,295.1,296.0,285.1,290.8,-3.5169210351691995,265109017398.0,2550821,NOK
KOMPL,Komplett ASA,OSL,Retail Trade,Internet Retail,6.0,6.08,5.96,5.96,-1.6501650165016444,1062567395.0,99230,NOK
KRAB,Kraft Bank ASA,OSL,Finance,Regional Banks,13.55,13.7,13.4,13.7,1.481481481481476,567000000.0,4435,NOK
LIFE,Lifecare ASA,OSL,Health Technology,Medical Specialties,0.303,0.307,0.285,0.305,2.006688963210704,89134592.0,2888001,NOK
LINK,LINK Mobility Group Holding ASA,OSL,Technology Services,Packaged Software,23.4,23.9,23.1,23.64,0.6814310051107332,7182554646.0,1035043,NOK
LOKO,Lokotech Group AS,OSL,Electronic Technology,Semiconductors,0.766,0.766,0.716,0.738,-0.2702702702702705,511236757.0,5848290,NOK
LSG,Leroy Seafood Group ASA,OSL,Consumer Non-Durables,Food: Meat/Fish/Dairy,41.02,41.5,40.74,41.32,-0.09671179883945635,24628885744.0,711976,NOK
LUMI,Lumi Education Group AS,OSL,Commercial Services,Miscellaneous Commercial Services,18.1,20.4,18.1,20.4,12.707182320441973,1094752159.0,10540,NOK
LYTIX,Lytix Biopharma ASA,OSL,Health Technology,Pharmaceuticals: Major,9.6,9.64,9.1,9.5,2.8138528138528116,710556067.0,6679,NOK
MAS,Masoval AS,OSL,Consumer Non-Durables,Food: Meat/Fish/Dairy,33.2,33.4,33.1,33.1,-0.3012048192771127,4067280745.0,1143,NOK
MDATA,MAGNORA DATA CENTER ASA,OSL,Technology Services,Data Processing Services,13.28,13.28,12.85,12.852,-1.1384615384615362,1283654996.0,346571,NOK
MEDI,Medistim ASA,OSL,Health Technology,Medical Specialties,232.0,235.0,227.0,229.0,-2.553191489361702,4280133734.0,12696,NOK
MELG,Melhus Sparebank,OSL,Finance,Regional Banks,181.32,181.32,181.32,181.32,-1.4565217391304386,510825417.0,53,NOK
MGN,Magnora ASA,OSL,Utilities,Electric Utilities,24.75,24.9,23.8,23.8,-3.054989816700611,1773869680.0,300008,NOK
MING,SpareBank 1 SMN,OSL,Finance,Savings Banks,188.5,190.56,186.02,189.26,0.6487981280578594,27034504900.0,143574,NOK
MORG,Sparebanken More,OSL,Finance,Savings Banks,115.98,115.98,109.38,110.28,-0.6486486486486477,5524848598.0,4402,NOK
MORLD,Moreld ASA,OSL,Industrial Services,Engineering & Construction,19.22,19.24,18.72,18.8,-1.981230448383728,3443867448.0,180801,NOK
MOWI,Mowi ASA,OSL,Consumer Non-Durables,Food: Meat/Fish/Dairy,195.0,197.2,192.7,197.1,0.7153806847215154,103190778481.0,1167922,NOK
MPCC,MPC Container Ships ASA,OSL,Transportation,Marine Shipping,25.5,26.02,25.33,25.33,-1.2860483242400695,11376339946.0,776386,NOK
MPCES,MPC Energy Solutions NV,OSL,Utilities,Electric Utilities,14.0,14.05,13.95,13.95,0.7220216606498169,308162508.0,64982,NOK
MULTI,Multiconsult ASA,OSL,Industrial Services,Engineering & Construction,150.2,150.2,145.0,145.0,-3.3333333333333335,4148838902.0000005,1349,NOK
MVE,Matvareexpressen AS,OSL,Retail Trade,Food Retail,264.0,264.0,264.0,264.0,0.0,323936434.0,702,NOK
MVW,M Vest Water AS,OSL,Producer Manufacturing,Industrial Machinery,5.3,5.3,5.1,5.25,1.941747572815527,177018591.0,7525,NOK
NAPA,Napatech A/S,OSL,Electronic Technology,Telecommunications Equipment,47.8,47.8,46.3,47.45,0.10548523206751954,5231968642.0,171621,NOK
NAS,Norwegian Air Shuttle ASA,OSL,Transportation,Airlines,15.78,16.01,15.765,16.0,0.7556675062972242,16757193718.999998,14874131,NOK
NAVA,Navamedic ASA,OSL,Distribution Services,Medical Distributors,16.5,16.7,15.9,16.2,-0.9174311926605634,392095549.0,25752,NOK
NBX,Norwegian Block Exchange AS,OSL,Finance,Investment Banks/Brokers,0.57,0.648,0.57,0.648,10.769230769230779,158668176.0,2304501,NOK
NCOD,Norcod AS,OSL,Process Industries,Agricultural Commodities/Milling,10.95,10.95,9.9,10.7,-3.1674208144796503,871146735.0,453,NOK
NEL,NEL ASA,OSL,Producer Manufacturing,Industrial Machinery,2.47,2.48,2.365,2.39,-3.0425963488843704,4530821498.0,4354651,NOK
NEXT,NEXT Biometrics Group ASA,OSL,Electronic Technology,Semiconductors,0.76,0.858,0.688,0.688,-12.911392405063301,48968797.0,917671,NOK
NHY,Norsk Hydro ASA,OSL,Non-Energy Minerals,Aluminum,94.24,94.5,90.32,91.56,-2.554278416347373,184031520038.0,5624068,NOK
NISB,Nidaros Sparebank,OSL,Finance,Savings Banks,102.0,102.0,102.0,102.0,-0.9708737864077669,116242816.0,44,NOK
NKR,Nekkar ASA,OSL,Producer Manufacturing,Trucks/Construction/Farm Machinery,14.0,14.55,14.0,14.2,1.792114695340502,1364850476.0,375358,NOK
NOAP,Nordic Aqua Partners AS,OSL,Process Industries,Agricultural Commodities/Milling,77.0,78.4,77.0,78.4,1.8181818181818257,1633444569.0,8798,NOK
NOD,Nordic Semiconductor ASA,OSL,Electronic Technology,Semiconductors,182.0,184.0,178.7,180.8,-0.9315068493150622,36390409775.0,414791,NOK
NOFIN,Nordic Financials ASA,OSL,Utilities,Alternative Power Generation,1.85,1.89,1.76,1.89,1.069518716577529,36827873.0,216627,NOK
NOHAL,Nordic Halibut AS,OSL,Distribution Services,Food Distributors,23.6,23.6,23.2,23.2,-0.8547008547008517,1239805442.0,220,NOK
NOL,Northern Ocean Ltd.,OSL,Industrial Services,Contract Drilling,8.16,8.26,8.14,8.26,1.72413793103449,2462108957.0,55813,NOK
NOM,Nordic Mining ASA,OSL,Non-Energy Minerals,Other Metals/Minerals,7.29,7.3,7.11,7.27,0.27586206896551135,906816904.0,252185,NOK
NONG,SpareBank 1 Nord-Norge,OSL,Finance,Major Banks,151.8,152.9,149.8,152.82,0.9379128137384328,15200259295.0,82347,NOK
NORAM,NorAm Drilling AS,OSL,Industrial Services,Contract Drilling,39.0,40.75,38.9,38.95,-2.2584692597239613,1726220593.0,85475,NOK
NORBT,Norbit ASA,OSL,Industrial Services,Engineering & Construction,168.1,169.4,165.2,168.6,-0.17761989342807066,10826095038.0,151231,NOK
NORCO,Norconsult ASA,OSL,Industrial Services,Engineering & Construction,35.5,35.55,34.25,35.25,1.002865329512898,10312097335.0,454048,NOK
NORDH,Nordhealth AS,OSL,Technology Services,Packaged Software,24.6,25.8,24.6,24.8,0.8130081300812979,1962808170.0,1588,NOK
NORSE,Norse Atlantic ASA,OSL,Transportation,Airlines,0.61,0.653,0.61,0.626,4.159733777038274,1323550367.0,2886853,NOK
NORTH,North Energy ASA,OSL,Finance,Financial Conglomerates,2.4,2.4,2.34,2.34,-0.8474576271186449,272476449.0,23784,NOK
NOSN,NOS Nova AS,OSL,Process Industries,Chemicals: Specialty,1.2,1.23,1.165,1.23,1.6528925619834725,50782295.0,161399,NOK
NRC,NRC Group ASA,OSL,Industrial Services,Engineering & Construction,7.94,7.94,7.67,7.8,-1.2658227848101333,1363518246.0,356148,NOK
NSKOG,Norske Skog ASA,OSL,Process Industries,Pulp & Paper,44.5,44.65,43.85,44.45,-0.11235955056179137,3775301411.0,142401,NOK
NTG,Nordic Technology Group AS,OSL,Health Technology,Medical Specialties,1.88,1.99,1.88,1.95,14.705882352941178,327611794.0,88241,NOK
NTI,Norsk Titanium AS,OSL,Non-Energy Minerals,Other Metals/Minerals,1.04,1.04,1.014,1.014,-0.39292730844793744,1048000933.9999999,1212516,NOK
NYKD,Nykode Therapeutics ASA,OSL,Health Technology,Pharmaceuticals: Major,3.155,3.275,3.155,3.225,-0.6163328197226507,1059643186.0,417905,NOK
OBSRV,Observe Medical ASA,OSL,Electronic Technology,Electronic Equipment/Instruments,1.08,1.11,1.06,1.1,1.8518518518518534,147040285.0,130621,NOK
OCEAN,Ocean GeoLoop ASA,OSL,Process Industries,Chemicals: Specialty,0.65,0.65,0.452,0.452,-1.7391304347826102,69543619.0,167099,NOK
ODF,Odfjell SE Class A,OSL,Transportation,Marine Shipping,111.8,114.4,111.6,112.2,0.1785714285714311,8610782893.0,34157,NOK
ODFB,Odfjell SE Class B,OSL,Transportation,Marine Shipping,109.8,111.8,109.6,109.8,0.5494505494505442,8610782893.0,8102,NOK
ODL,Odfjell Drilling Ltd.,OSL,Industrial Services,Contract Drilling,85.4,86.5,85.0,85.2,-1.045296167247377,20647390805.0,171049,NOK
OET,Okeanis Eco Tankers Corp.,OSL,Transportation,Marine Shipping,550.0,561.0,541.0,546.0,1.486988847583643,21280237924.953465,92922,NOK
OKEA,OKEA ASA,OSL,Energy Minerals,Integrated Oil,32.2,32.9,31.05,31.35,-4.5662100456621,3413454991.0,183646,NOK
OMDA,Omda AS,OSL,Technology Services,Packaged Software,37.6,39.3,37.6,39.1,2.894736842105267,780324051.0,3817,NOK
ONCIN,Oncoinvent ASA,OSL,Health Technology,Pharmaceuticals: Major,49.9,49.9,46.2,49.7,-0.4008016032064043,223472773.0,2564,NOK
ORK,Orkla ASA,OSL,Consumer Non-Durables,Food: Specialty/Candy,101.4,103.8,101.4,103.8,2.0648967551622364,99724686796.0,2493107,NOK
OSUN,Ocean Sun AS,OSL,Electronic Technology,Semiconductors,0.52,0.55,0.52,0.548,5.3846153846153895,46750506.0,390076,NOK
OTEC,Otello Corporation ASA,OSL,Technology Services,Packaged Software,17.16,17.24,17.02,17.16,0.5861664712778514,1241135266.0,31719,NOK
OTL,Odfjell Technology Ltd.,OSL,Industrial Services,Contract Drilling,58.5,58.5,56.3,56.9,-1.8965517241379335,2288904297.0,35367,NOK
OTOVO,Otovo ASA Class A,OSL,Industrial Services,Engineering & Construction,11.0,11.4,11.0,11.35,0.4424778761061852,833892632.0,48819,NOK
PARB,Pareto Bank ASA,OSL,Finance,Regional Banks,69.4,69.6,68.9,69.0,-0.5763688760806998,5328700407.0,54095,NOK
PEN,Panoro Energy ASA,OSL,Energy Minerals,Integrated Oil,28.45,28.45,27.0,27.35,-3.527336860670194,3746018060.0,1112053,NOK
PEXIP,Pexip Holding ASA,OSL,Technology Services,Packaged Software,74.0,75.8,74.0,75.6,0.5319148936170099,7658133332.0,82592,NOK
PHO,Photocure ASA,OSL,Health Technology,Medical Specialties,60.5,60.5,59.3,60.0,-0.8264462809917356,1609703673.0,33349,NOK
PLGC,Pelagic Credit Plc,OSL,Finance,Financial Conglomerates,15.2,15.2,15.1,15.1,0.0,558700000.0,3998,NOK
PLSV,Paratus Energy Services Ltd.,OSL,Miscellaneous,Miscellaneous,46.5,47.65,45.75,45.75,-0.9740259740259801,7518359267.0,367783,NOK
PLT,poLight ASA,OSL,Electronic Technology,Electronic Components,10.24,10.34,9.72,9.89,-4.536679536679526,2208603141.0,1171574,NOK
PNOR,PetroNor E&P ASA,OSL,Energy Minerals,Oil & Gas Production,10.98,11.56,10.98,11.2,2.1897810218977956,1560231161.0,747688,NOK
POL,Polaris Media ASA,OSL,Consumer Services,Publishing: Newspapers,57.8,62.8,57.8,62.8,2.950819672131143,2989592678.0,58,NOK
PPG,Pioneer Property Group ASA 9.5 % Pfd Registered Shs,OSL,Finance,Real Estate Development,106.0,107.0,106.0,107.0,0.0,698755154.0,1639,NOK
PROT,Protector Forsikring ASA,OSL,Finance,Property/Casualty Insurance,465.2,474.2,463.6,473.4,0.852151682999574,38661943270.0,75481,NOK
PROXI,Proximar Seafood AS,OSL,Consumer Non-Durables,Food: Meat/Fish/Dairy,0.462,0.462,0.44,0.458,1.7777777777777792,235517508.0,57602,NOK
PRS,Prosafe SE,OSL,Industrial Services,Contract Drilling,4.215,4.39,4.215,4.355,-0.3432494279176128,1540590862.0,3155543,NOK
PRYME,Pryme N.V.,OSL,Industrial Services,Environmental Services,2.5,2.5,2.5,2.5,-13.79310344827586,90432950.0,499,NOK
PSE,Petrolia SE,OSL,Energy Minerals,Oil & Gas Production,5.65,5.8,5.65,5.8,2.6548672566371585,334105892.0,37550,NOK
PUBLI,PPI Public Property Invest AB,OSL,Finance,Real Estate Development,19.198,19.55,19.01,19.428,0.2063131834124156,17903921716.4299,689064,NOK
PYRUM,Pyrum Innovations AG,OSL,Distribution Services,Wholesale Distributors,279.0,279.0,279.0,279.0,0.3597122302158274,1193360606.0,12,NOK
QEC,Questerre Energy Corporation Class A,OSL,Energy Minerals,Oil & Gas Production,1.8,1.936,1.8,1.858,5.328798185941048,810137788.2894093,1273915,NOK
REACH,Reach Subsea ASA,OSL,Energy Minerals,Oil & Gas Production,5.21,5.21,5.1,5.14,-1.7208413001912188,1712186738.0,114508,NOK
RECSI,REC Silicon ASA,OSL,Process Industries,Chemicals: Specialty,0.225,0.2355,0.225,0.23,-2.9535864978902864,1060673994.0,327168,NOK
REFL,Refuels N.V.,OSL,Distribution Services,Wholesale Distributors,15.6,16.2,15.1,15.7,-4.848484848484853,996741583.0,13614,NOK
RING,SpareBank 1 Ringerike Hadeland,OSL,Finance,Regional Banks,438.95,438.95,434.0,434.95,-0.6963470319634729,6854877359.0,109,NOK
ROGS,Rogaland Sparebank,OSL,Finance,Regional Banks,147.56,148.0,146.04,146.6,0.9363811622142557,3332545456.0,3039,NOK
ROM,RomReal Ltd.,OSL,Finance,Real Estate Development,2.54,2.54,2.54,2.54,0.0,105074166.0,19,NOK
ROMER,Romerike Sparebank,OSL,Finance,Savings Banks,155.0,155.0,154.52,154.52,-0.3739522888458956,439905509.0,111,NOK
SAGA,Saga Pure ASA,OSL,Finance,Financial Conglomerates,1.6,1.605,1.6,1.6,-0.3115264797507722,1083179874.0,695098,NOK
SALM,SalMar ASA,OSL,Process Industries,Agricultural Commodities/Milling,535.0,544.0,530.0,544.0,1.5873015873015872,72487870560.0,174021,NOK
SALME,Salmon Evolution ASA,OSL,Process Industries,Agricultural Commodities/Milling,4.15,4.17,4.11,4.13,-1.5494636471990557,2324043921.0,368625,NOK
SATS,SATS ASA,OSL,Consumer Services,Other Consumer Services,40.5,42.5,40.45,42.1,3.4398034398034363,7935189770.0,621780,NOK
SB1NO,SPAREBANK 1 SOR-NORGE ASA,OSL,Finance,Savings Banks,192.6,192.6,190.2,192.4,-0.10384215991692038,72303692745.0,200263,NOK
SB68,Sparebank 68 grader nord,OSL,Finance,Major Banks,209.95,209.95,209.95,209.95,0.9374999999999946,628321732.0,20,NOK
SBNOR,Sparebanken Norge,OSL,Finance,Major Banks,185.3,185.92,183.16,184.8,-0.2375296912114002,32089456065.0,101496,NOK
SBO,Selvaag Bolig ASA,OSL,Consumer Durables,Homebuilding,33.95,33.95,32.8,33.8,2.1148036253776303,3094800613.0,19584,NOK
SCANA,Scana ASA,OSL,Producer Manufacturing,Trucks/Construction/Farm Machinery,1.465,1.47,1.44,1.47,0.0,678973086.0,35897,NOK
SCATC,Scatec ASA,OSL,Utilities,Alternative Power Generation,96.2,96.2,94.6,95.1,-1.5018125323666525,15440014075.0,304578,NOK
SDSD,S.D. Standard ETC PLC,OSL,Finance,Financial Conglomerates,1.845,1.845,1.815,1.835,0.5479452054794526,942169975.0,443,NOK
SEA1,Sea1 Offshore Incorporation,OSL,Transportation,Marine Shipping,25.35,25.65,24.9,25.0,-1.9607843137254901,3915365158.0,263434,NOK
SKAND,Skandia GreenPower AS,OSL,Utilities,Electric Utilities,1.7,1.7,1.65,1.65,-3.5087719298245648,198447078.0,27343,NOK
SKUE,Skue Sparebank,OSL,Finance,Major Banks,330.0,332.95,326.2,326.2,-1.0015174506828561,1904088051.0,126,NOK
SMOP,Smartoptics Group ASA,OSL,Electronic Technology,Electronic Components,51.0,51.0,49.4,50.2,-1.953125,5019930544.0,137493,NOK
SNI,Stolt-Nielsen Limited,OSL,Transportation,Marine Shipping,313.0,319.5,310.0,310.0,-0.9584664536741214,16757104876.000002,42436,NOK
SNM,Shamaran Petroleum Ltd.,OSL,Energy Minerals,Oil & Gas Production,1.3398,1.3398,1.2812,1.3,0.0,3742055258.0,104388,NOK
SNOR,SpareBank 1 Nordmore,OSL,Finance,Savings Banks,182.98,183.0,178.0,178.86,-1.7252747252747176,1649254370.0,5535,NOK
SNTIA,Sentia ASA,OSL,Industrial Services,Engineering & Construction,78.6,79.9,78.5,79.4,2.9831387808041656,7778624681.0,275069,NOK
SOAG,SpareBank 1 Ostfold Akershus,OSL,Finance,Savings Banks,455.95,455.95,441.1,441.1,-0.21490781585793203,5475865473.0,202,NOK
SOFF,Solstad Offshore ASA,OSL,Transportation,Marine Shipping,59.0,59.1,57.0,57.9,-1.697792869269949,4850226300.0,198512,NOK
SOFTX,SoftOx Solutions AS,OSL,Commercial Services,Miscellaneous Commercial Services,0.116,0.116,0.1078,0.1112,3.1539888682745696,280473781.0,8833553,NOK
SOGN,Sogn Sparebank,OSL,Finance,Major Banks,319.05,319.05,319.05,319.05,0.2041457286432268,201387994.0,11,NOK
SOMA,Solstad Maritime ASA,OSL,Transportation,Marine Shipping,25.9,25.9,24.85,25.0,-3.2882011605415915,12029518722.0,172165,NOK
SPOG,Sparebanken Ost,OSL,Finance,Regional Banks,74.99,74.99,72.1,72.4,0.13831258644537833,1498864667.0,5298,NOK
SPOL,Sparebank 1 Ostlandet,OSL,Finance,Savings Banks,188.0,189.76,186.12,188.24,0.28769312733085806,25486438074.0,110614,NOK
STB,Storebrand ASA,OSL,Finance,Savings Banks,177.5,179.4,176.4,179.4,0.1675041876046965,73783146521.0,1019823,NOK
STECH,SoilTech AS,OSL,Industrial Services,Environmental Services,86.0,88.8,85.4,88.8,3.2558139534883686,761794626.0,5683,NOK
STRO,StrongPoint ASA,OSL,Electronic Technology,Electronic Equipment/Instruments,10.6,10.65,10.5,10.65,0.4716981132075539,473704217.0,25469,NOK
STST,Stainless Tankers ASA,OSL,Transportation,Marine Shipping,41.0,42.3,40.8,40.9,-3.3096926713947963,571049990.0,8952,NOK
SUBC,Subsea 7 S.A.,OSL,Industrial Services,Oilfield Services/Equipment,343.6,357.8,334.4,335.2,-2.217036172695456,101386590506.0,717333,NOK
SWON,SoftwareOne Holding Ltd.,OSL,Distribution Services,Electronics Distributors,94.1,95.4,91.9,94.7,0.6376195536663215,20297313708.810623,21253,NOK
TECH,Techstep ASA,OSL,Technology Services,Packaged Software,8.0,8.1,7.7,8.1,1.5037593984962307,278214404.0,9413,NOK
TEKNA,Tekna Holding ASA,OSL,Process Industries,Chemicals: Major Diversified,3.66,3.66,3.52,3.6,-1.6393442622950833,832511798.0,24469,NOK
TEL,Telenor ASA,OSL,Communications,Major Telecommunications,144.0,144.6,143.0,144.1,0.2086230876216849,196768730665.0,1349730,NOK
TGS,TGS ASA,OSL,Technology Services,Data Processing Services,139.1,141.4,134.7,135.7,-2.5843503230438065,27365901782.0,626194,NOK
TIETO,Tieto Corporation,OSL,Technology Services,Information Technology Services,212.2,212.2,212.2,212.2,-1.9408502772643332,24788433915.71961,4,NOK
TINDE,Tinde Sparebank,OSL,Finance,Regional Banks,114.7,114.92,114.68,114.92,-0.05218298834580125,626316379.0,2750,NOK
TOM,TOMRA Systems ASA,OSL,Producer Manufacturing,Miscellaneous Manufacturing,94.15,96.75,93.8,96.15,0.9978991596638684,28155425245.0,816829,NOK
TRMED,Thor Medical ASA,OSL,Commercial Services,Miscellaneous Commercial Services,4.25,4.38,4.17,4.355,2.712264150943401,1526407552.0,1186839,NOK
TRSB,Trondelag Sparebank,OSL,Finance,Regional Banks,110.0,110.0,110.0,110.0,-0.9009009009009009,525233487.99999994,720,NOK
VAR,Var Energi ASA,OSL,Energy Minerals,Integrated Oil,42.5,42.59,40.6,41.19,-3.377902885292059,106421801274.0,6417884,NOK
VDI,Vantage Drilling International Ltd,OSL,Industrial Services,Contract Drilling,177.0,177.0,177.0,177.0,1.7241379310344827,2409741706.671892,10,NOK
VEI,Veidekke ASA,OSL,Industrial Services,Engineering & Construction,186.2,188.6,185.8,188.6,0.855614973262029,25236822174.0,54004,NOK
VEND,Vend Marketplaces ASA,OSL,Technology Services,Internet Software/Services,243.8,245.0,239.8,241.4,-1.7900732302685134,52425162003.0,551918,NOK
VISTN,Vistin Pharma ASA,OSL,Health Technology,Pharmaceuticals: Major,20.8,20.8,20.6,20.6,-0.9615384615384581,922367502.0,281,NOK
VOW,Vow ASA,OSL,Industrial Services,Environmental Services,2.2,2.22,2.135,2.15,-2.2727272727272845,635699574.0,884631,NOK
VTURA,Ventura Offshore Holding Ltd.,OSL,Industrial Services,Contract Drilling,28.5,29.2,27.2,27.6,-3.1578947368421004,3019146778.0,272002,NOK
VVL,Voss Veksel- og Landmandsbank ASA,OSL,Finance,Regional Banks,494.0,494.0,492.0,492.0,0.819672131147541,1075413427.0,146,NOK
WAWI,Wallenius Wilhelmsen ASA,OSL,Transportation,Marine Shipping,134.7,137.5,132.9,132.9,-1.4825796886582654,56981497239.0,264335,NOK
WEST,Western Bulk Chartering AS,OSL,Transportation,Marine Shipping,21.8,21.8,21.1,21.1,-1.4018691588784915,719461923.0,19129,NOK
WSTEP,Webstep AS,OSL,Commercial Services,Miscellaneous Commercial Services,13.8,14.0,13.25,13.5,1.5037593984962352,374103855.0,18312,NOK
WWI,Wilh. Wilhelmsen Holding ASA Class A,OSL,Transportation,Other Transportation,711.0,718.0,706.0,710.0,-0.2808988764044944,29028191055.0,6700,NOK
WWIB,Wilh. Wilhelmsen Holding ASA Class B,OSL,Transportation,Other Transportation,621.0,634.0,620.0,624.0,0.0,29028191055.0,5202,NOK
XPLRA,Xplora Technologies AS,OSL,Technology Services,Information Technology Services,40.05,40.2,38.5,38.7,-2.885821831869507,1907006609.0,171405,NOK
YAR,Yara International ASA,OSL,Process Industries,Chemicals: Agricultural,433.0,441.0,432.7,441.0,1.9181881211000722,110219783952.0,603668,NOK
ZAL,Zalaris ASA,OSL,Commercial Services,Personnel Services,99.6,101.0,99.6,99.6,-2.3529411764705936,2228129230.0,469,NOK
ZAP,Zaptec ASA,OSL,Producer Manufacturing,Electrical Products,47.0,47.4,45.25,46.0,-2.8511087645195383,4110521890.0,365824,NOK
ZENA,Zenith Energy Ltd.,OSL,Energy Minerals,Integrated Oil,0.633,0.633,0.605,0.612,-3.3175355450237,415986570.0401685,2520719,NOK
ZLNA,Zelluna ASA,OSL,Health Technology,Biotechnology,18.6,19.4,17.95,18.15,-1.6260162601626056,484677833.0,25762,NOK
